geographicDescription	northBoundingCoordinate	southBoundingCoordinate	eastBoundingCoordinate	westBoundingCoordinate
w1	43.952034	43.952034	-71.726501	-71.726501
w2	43.953358	43.953358	-71.724174	-71.724174
w3	43.954875	43.954875	-71.722816	-71.722816
w4	43.950176	43.950176	-71.725792	-71.725792
w5	43.948845	43.948845	-71.731918	-71.731918
w6	43.94994	43.94994	-71.735641	-71.735641
w7	43.927509	43.927509	-71.767075	-71.767075
w8	43.929436	43.929436	-71.759521	-71.759521
w9	43.926014	43.926014	-71.747195	-71.747195
HBK	43.939763	43.939763	-71.703585	-71.703585
ML70	43.940567	43.940567	-71.690937	-71.690937
GSLOOK	44.2101255022	44.2101255022	-122.257145776	-122.257145776
GSWS01	44.2073394042	44.2073394042	-122.258027394	-122.258027394
GSWS02	44.2120146041	44.2120146041	-122.244875675	-122.244875675
GSWS03	44.2194395724	44.2194395724	-122.24300003	-122.24300003
GSWS06	44.2615081253	44.2615081253	-122.180706523	-122.180706523
GSWS07	44.2646368258	44.2646368258	-122.175264862	-122.175264862
GSWS08	44.266294258	44.266294258	-122.170792538	-122.170792538
GSWS09	44.2011898244	44.2011898244	-122.258801374	-122.258801374
GSWS10	44.2170569856	44.2170569856	-122.261055512	-122.261055512
GSMACK	44.21944	44.21944	-122.1674	-122.1674
TSLOOK	44.22478329	44.22478329	-122.1216289	-122.1216289
TSMACK	44.21664907	44.21664907	-122.16547369	-122.16547369
TSMCRA	44.25638612	44.25638612	-122.16757303	-122.16757303
TSQRTZ	44.198319	44.198319	-122.301997	-122.301997
TSLOMA	44.22756413	44.22756413	-122.16802024	-122.16802024
TSLOMC	44.23298992	44.23298992	-122.20863436	-122.20863436
FLNT	31.18542	31.18542	-84.4374	-84.4374
TOMB	31.8521	31.8521	-88.16107	-88.16107
BLWA	32.54153	32.54153	-87.79815	-87.79815
WLOU	39.89137	39.89137	-105.9154	-105.9154
MCDI	38.94428	38.94428	-96.44197	-96.44197
LEWI	39.09564	39.09564	-77.98322	-77.98322
BLUE	34.44422	34.44422	-96.6242	-96.6242
TECR	36.95528	36.95528	-119.02699	-119.02699
HOPB	42.47179	42.47179	-72.32963	-72.32963
MART	45.79125	45.79125	-121.93196	-121.93196
BIGC	37.058	37.058	-119.256	-119.256
REDB	40.78374	40.78374	-111.79765	-111.79765
SYCA	33.74906	33.74906	-111.5069	-111.5069
COMO	40.03496	40.03496	-105.54487	-105.54487
BLDE	44.95011	44.95011	-110.58715	-110.58715
PRIN	33.37859	33.37859	-97.78226	-97.78226
MCRA	44.2596	44.2596	-122.16555	-122.16555
CARI	65.15306	65.15306	-147.50246	-147.50246
OKSR	68.66975	68.66975	-149.14302	-149.14302
ARIK	39.75825	39.75825	-102.4471	-102.4471
GUIL	18.1741	18.1741	-66.79851	-66.79851
CUPE	18.11352	18.11352	-66.98676	-66.98676
POSE	38.89332	38.89332	-78.14678	-78.14678
KING	39.10506	39.10506	-96.60336	-96.60336
MAYF	32.95966	32.95966	-87.40813	-87.40813
WALK	35.95947	35.95947	-84.28041	-84.28041
LECO	35.69043	35.69043	-83.50379	-83.50379
N04D	39.0874	39.0874	-96.5844	-96.5844
N20B	39.08858	39.08858	-96.57654	-96.57654
N01B	39.08668	39.08668	-96.577	-96.577
N02B	39.0898	39.0898	-96.5886	-96.5886
HOKN	39.10376	39.10376	-96.59542	-96.59542
NFKC	39.10155	39.10155	-96.59239	-96.59239
SFKC	39.10128	39.10128	-96.59239	-96.59239
KZFL	39.08763	39.08763	-96.58482	-96.58482
SHAN	39.11439	39.11439	-96.55757	-96.55757
TUBE	39.09873	39.09873	-96.58944	-96.58944
HIKX	39.107	39.107	-96.6068	-96.6068
GFCP	39.2715	39.2715	-76.649	-76.649
GFGB	39.443	39.443	-76.783	-76.783
GFGL	39.4718	39.4718	-76.817	-76.817
GFVN	39.3458	39.3458	-76.733	-76.733
POBR	39.4803	39.4803	-76.688	-76.688
DRKR	39.3112	39.3112	-76.717	-76.717
BARN	39.4794	39.4794	-76.678	-76.678
RGHT	39.2547	39.2547	-76.69	-76.69
MCDN	39.4004	39.4004	-76.77	-76.77
MAWI	39.2755	39.2755	-76.666	-76.666
RR1	39.404756	39.404756	-76.779566	-76.779566
RR2	39.4113889	39.4113889	-76.8130556	-76.8130556
SL1	39.360495	39.360495	-76.745558	-76.745558
SL2	39.373866	39.373866	-76.791005	-76.791005
HH	39.389581	39.389581	-76.779703	-76.779703
HLB	39.1027778	39.1027778	-76.791111	-76.791111
GF5	39.39121	39.39121	-76.765326	-76.765326
JBHH	39.3993	39.3993	-76.52	-76.52
SODDIE	40.047778	40.047778	-105.570833	-105.570833
ALBION	40.04287468	40.04287468	-105.592296	-105.592296
GREEN1	40.049746	40.049746	-105.605309	-105.605309
GREEN4	40.055742	40.055742	-105.617065	-105.617065
GREEN5	40.05367068	40.05367068	-105.6279131	-105.6279131
ALBION_INLET	40.047178	40.047178	-105.607123	-105.607123
MARTINELLI	40.05060202	40.05060202	-105.595805	-105.595805
NAVAJO	40.05195303	40.05195303	-105.6367	-105.6367
SADDLE_007	40.05485646	40.05485646	-105.5901358	-105.5901358
SADDLE	40.04903177	40.04903177	-105.5923174	-105.5923174
FLUME	40.01368597	40.01368597	-105.5578493	-105.5578493
ROCK_GLACIER	40.05213501	40.05213501	-105.6289841	-105.6289841
como	40.03125646	40.03125646	-105.53701	-105.53701
AB00	34.40505027	34.40505027	-119.74021	-119.74021
AT07	34.43226	34.43226	-119.78414	-119.78414
BC02	34.43854	34.43854	-119.90563	-119.90563
DV01	34.41761	34.41761	-119.87406	-119.87406
GV01	34.4855	34.4855	-120.22917	-120.22917
HO00	34.4752858	34.4752858	-120.14122	-120.14122
MC00	34.41307303	34.41307303	-119.69499	-119.69499
MC06	34.44072	34.44072	-119.71244	-119.71244
ON02	34.472	34.472	-120.28885	-120.28885
RG01	34.46573164	34.46573164	-120.06932	-120.06932
RS02	34.45761111	34.45761111	-119.69222	-119.69222
SP02	34.44861	34.44861	-119.84028	-119.84028
FK00	34.40164787	34.40164787	-119.52145	-119.52145
TE03	34.43055	34.43055	-119.85762	-119.85762
SM04	34.41898512	34.41898512	-119.52701	-119.52701
CP00	34.3935	34.3935	-119.5124	-119.5124
TO02	34.440614	34.440614	-119.917915	-119.917915
SM01	34.40479765	34.40479765	-119.52869	-119.52869
RN01	34.3773	34.3773	-119.47794	-119.47794
C2	65.159188	65.159188	-147.607454	-147.607454
C3	65.144853	65.144853	-147.574368	-147.574368
CB	65.15	65.15	-147.56	-147.56
C4	65.162726	65.162726	-147.50057	-147.50057
P6	65.184791	65.184791	-147.388939	-147.388939
PJ	65.15154566	65.15154566	-147.4841681	-147.4841681
CJ	65.15147902	65.15147902	-147.4856181	-147.4856181
PC	65.1510123	65.1510123	-147.482385	-147.482385
boston_creek	65.23	65.23	-147.12	-147.12
bohner_b5	-77.696302	-77.696302	162.558285	162.558285
adams_weir	-78.1316680908203	-78.1316680908203	163.75	163.75
aiken_f5	-77.602516	-77.602516	163.2719421	163.2719421
canada_f1	-77.613655	-77.613655	163.0547333	163.0547333
common_c1	-77.563332	-77.563332	163.3808289	163.3808289
crescent_f8	-77.619064	-77.619064	163.1844635	163.1844635
delta_f10	-77.624619	-77.624619	163.1084442	163.1084442
green_f9	-77.624099731445	-77.624099731445	163.059753417969	163.059753417969
harnish_f11	-77.621246337891	-77.621246337891	163.269515991211	163.269515991211
harnish_f7	-77.608329772949	-77.608329772949	163.232772827148	163.232772827148
lostseal_f3	-77.595268	-77.595268	163.2444	163.2444
onyx_vnda	-77.52343	-77.52343	161.6966248	161.6966248
onyx_lwright	-77.444534	-77.444534	162.6535339	162.6535339
vguerard_f6	-77.608200073242	-77.608200073242	163.253997802734	163.253997802734
house_h2	-77.6429824829102	-77.6429824829102	162.741317749023	162.741317749023
huey_f2	-77.6048965454102	-77.6048965454102	163.127410888672	163.127410888672
santafe_b2	-77.7230529785156	-77.7230529785156	162.266662597656	162.266662597656
priscu_b1	-77.6999969482422	-77.6999969482422	162.534729003906	162.534729003906
lawson_b3	-77.7227783203125	-77.7227783203125	162.268051147461	162.268051147461
andrsn_h1	-77.622772	-77.622772	162.906357	162.906357
andrws_mouth	-77.620834	-77.620834	163.044449	163.044449
bartlt_mouth	-77.720833	-77.720833	162.416672	162.416672
bohnr_lower	-77.697334	-77.697334	162.56192	162.56192
bohnr_mouth	-77.69722	-77.69722	162.541672	162.541672
lyons_b4	-77.727776	-77.727776	162.274994	162.274994
mariah_mouth	-77.623611	-77.623611	163.047226	163.047226
mason_mouth	-77.729164	-77.729164	162.274994	162.274994
mckay_mouth	-77.644722	-77.644722	162.747223	162.747223
mcknight_mouth	-77.599724	-77.599724	163.264725	163.264725
red_bfalls	-77.723335	-77.723335	162.268051	162.268051
sharp_mouth	-77.722221	-77.722221	162.247223	162.247223
vincent_mouth	-77.720276	-77.720276	162.425003	162.425003
vguerard_upper	-77.634384	-77.634384	163.306305	163.306305
wharton_mouth	-77.645836	-77.645836	162.747223	162.747223
bowles_mouth	-77.622223	-77.622223	163.050003	163.050003
lyons_trib	-77.720001	-77.720001	162.270004	162.270004
garwood_flats	-78.020836	-78.020836	164.016663	164.016663
garwood_blwconf	-78.019447	-78.019447	164.066666	164.066666
delta_upper	-77.65303	-77.65303	163.098679	163.098679
garwood_blwcol	-78.022008	-78.022008	163.915999	163.915999
garwood_blwglcr	-78.029167	-78.029167	164.133331	164.133331
lizotte_mouth	-77.70417	-77.70417	162.483337	162.483337
miers_blwglcr	-78.09611	-78.09611	163.752338	163.752338
miers_m2	-78.099605	-78.099605	163.918368	163.918368
vguerard_lower	-77.619476	-77.619476	163.287964	163.287964
worm_altran	-77.725981	-77.725981	162.315509	162.315509
fish_brook	42.65831	42.65831	-71.004821	-71.004821
cart_creek	42.7692	42.7692	-70.9165	-70.9165
saw_mill_brook	42.523601531982	42.523601531982	-71.184997558594	-71.184997558594
bear_meadow	42.5495	42.5495	-71.0909	-71.0909
upper_ipswich	42.5625662	42.5625662	-71.1093305	-71.1093305
ipswich_dam	42.677543640137	42.677543640137	-70.837684631348	-70.837684631348
parker_dam	42.750007629395	42.750007629395	-70.929214477539	-70.929214477539
mill_river	42.739360809326	42.739360809326	-70.900192260742	-70.900192260742
egypt_river	42.698162078857	42.698162078857	-70.868286132812	-70.868286132812
little_river	42.800399780273	42.800399780273	-70.883277893066	-70.883277893066
muddy_run	42.702541351318	42.702541351318	-70.853706359863	-70.853706359863
Dimple_Inlet_Main	68.9505	68.9505	-150.198	-150.198
Dimple_Outlet_Main	68.9574	68.9574	-150.2	-150.2
I-Minus_2_IMP	68.5483	68.5483	-149.522	-149.522
I-Minus_2_REF	68.548	68.548	-149.521	-149.521
I-Minus_2_TK_High	68.5443	68.5443	-149.522	-149.522
I-Minus_2_TK_Low	68.5479	68.5479	-149.522	-149.522
Imnavait_Creek_A	68.6166	68.6166	-149.318	-149.318
Imnavait_Creek_AA	68.6177	68.6177	-149.318	-149.318
Imnavait_Creek_B	68.6206	68.6206	-149.319	-149.319
Imnavait_Creek_C	68.6229	68.6229	-149.321	-149.321
Imnavait_Creek_D	68.6253	68.6253	-149.325	-149.325
Imnavait_Creek_E	68.642	68.642	-149.343	-149.343
Kuparuk_River_-0.1	68.639236	68.639236	-149.393711	-149.393711
Kuparuk_River_-0.177	68.6381	68.6381	-149.392	-149.392
Kuparuk_River_-0.3	68.6384	68.6384	-149.389	-149.389
Kuparuk_River_-0.47	68.6374	68.6374	-149.387	-149.387
Kuparuk_River_-0.7	68.6369	68.6369	-149.384	-149.384
Kuparuk_River_0	68.6393	68.6393	-149.3936	-149.3936
Kuparuk_River_0.3	68.6407	68.6407	-149.401	-149.401
Kuparuk_River_0.56	68.6415	68.6415	-149.4012	-149.4012
Kuparuk_River_0.74	68.644001	68.644001	-149.402332	-149.402332
Kuparuk_River_1	68.6447	68.6447	-149.405	-149.405
Kuparuk_River_1.39	68.6463	68.6463	-149.41	-149.41
Kuparuk_River_1.5	68.64756	68.64756	-149.411706	-149.411706
Kuparuk_River_1.8	68.6478	68.6478	-149.416	-149.416
Kuparuk_River_2	68.6495	68.6495	-149.416	-149.416
Kuparuk_River_2.5	68.6523	68.6523	-149.415	-149.415
Kuparuk_River_3	68.6537	68.6537	-149.421	-149.421
Kuparuk_River_4	68.6588	68.6588	-149.424	-149.424
Kuparuk_River_4.1	68.659528	68.659528	-149.425365	-149.425365
North_River_Main	69.0553	69.0553	-150.399	-150.399
Oksrukuyik_Creek_-0.1	68.6715	68.6715	-149.128	-149.128
Oksrukuyik_Creek_-0.3	68.6714	68.6714	-149.131	-149.131
Oksrukuyik_Creek_-0.7	68.671	68.671	-149.138	-149.138
Oksrukuyik_Creek_-1.2	68.6693	68.6693	-149.146	-149.146
Oksrukuyik_Creek_0.23	68.674104	68.674104	-149.122683	-149.122683
Oksrukuyik_Creek_0.48	68.674851	68.674851	-149.122057	-149.122057
Oksrukuyik_Creek_1.06	68.6782	68.6782	-149.117129	-149.117129
Oksrukuyik_Creek_1.37	68.6798	68.6798	-149.114	-149.114
Oksrukuyik_Creek_1.7	68.682117	68.682117	-149.112195	-149.112195
Oksrukuyik_Creek_2.5	68.685997009277	68.685997009277	-149.098999023438	-149.098999023438
Oksrukuyik_Creek_2.7	68.686	68.686	-149.099	-149.099
Roche_Moutonnee_Creek_Main	68.3737	68.3737	-149.309	-149.309
South_River_Main	68.9975	68.9975	-150.308	-150.308
Toolik_Inlet_Main	68.6256	68.6256	-149.595	-149.595
Toolik_River_IMP	68.6955	68.6955	-149.208	-149.208
Toolik_River_REF	68.6957	68.6957	-149.205	-149.205
Toolik_River_TK_Above	68.6907	68.6907	-149.208	-149.208
Toolik_River_TK_Low	68.6938	68.6938	-149.204	-149.204
Toolik_River_TK_Mid	68.6922	68.6922	-149.207	-149.207
Trevor_Creek_Main	68.2824995	68.2824995	-149.3700461	-149.3700461
VTK_IMP_Main	68.961	68.961	-150.701	-150.701
VTK_REF_Main	68.9354	68.9354	-150.678	-150.678
GGL	40.012989	40.012989	-105.4585063	-105.4585063
GGU	40.0174256	40.0174256	-105.4751912	-105.4751912
BC_SW_6	40.014639	40.014639	-105.322861	-105.322861
BC_SW_2	40.003806	40.003806	-105.358397	-105.358397
BC_SW_4	40.006425	40.006425	-105.330453	-105.330453
BC_SW_12	39.990144	39.990144	-105.422908	-105.422908
BC_SW_14	39.98245	39.98245	-105.445781	-105.445781
BC_SW_17	39.972231	39.972231	-105.466014	-105.466014
BC_SW_18	39.967183	39.967183	-105.479797	-105.479797
BC_SW_20	39.961639	39.961639	-105.505789	-105.505789
BT_SW_0	40.007136	40.007136	-105.334322	-105.334322
GGU_SPW1	40.019453	40.019453	-105.476139	-105.476139
GGU_SPW2	40.019453	40.019453	-105.474922	-105.474922
RedondoMeadow	35.8546	35.8546	-106.5941	-106.5941
HistoryGrove	35.8759	35.8759	-106.5125	-106.5125
UpperJaramillo	35.9092	35.9092	-106.5304	-106.5304
LowerJaramillo	35.8929	35.8929	-106.4958	-106.4958
UpperLaJara	35.87033	35.87033	-106.527	-106.527
LowerLaJara	35.8667	35.8667	-106.5235	-106.5235
LowerRedondo	35.8663	35.8663	-106.5978	-106.5978
MC_ FLUME	35.88083	35.88083	-106.53575	-106.53575
MarshallGulch	32.427351	32.427351	-110.757857	-110.757857
Bigelow	32.4152	32.4152	-110.7243	-110.7243
OracleRidge	32.4494	32.4494	-110.7399	-110.7399
UpperRedondo	35.8929	35.8929	-106.577	-106.577
FLUME_MCZOB	35.88083	35.88083	-106.536	-106.536
Tyger_River_hwy49	34.66616	34.66616	-81.7393	-81.7393
Isaacs_Creek_Bombing_Rang	34.65018	34.65018	-81.7376	-81.7376
Enoree_River_Jones_Ford	34.57408	34.57408	-81.7884	-81.7884
Johns_Creek	34.57891	34.57891	-81.7744	-81.7744
Sparks_Creek	34.61245	34.61245	-81.7222	-81.7222
Sparks_Creek_Seep	34.61245	34.61245	-81.7225	-81.7225
Upper_Padgetts_Creek	34.59463	34.59463	-81.7161	-81.7161
Padgetts_Creek_Old_Buncombe	34.59049	34.59049	-81.6907	-81.6907
Padgetts_Creek_Sardis_Rd	34.58052	34.58052	-81.6619	-81.6619
Ref4_Drain	34.5976	34.5976	-81.6669	-81.6669
Tyger_River_Sardis_Rd	34.61535	34.61535	-81.6665	-81.6665
Ref4_Below_Bowl	34.59963	34.59963	-81.6741	-81.6741
weir_1	34.59971	34.59971	-81.6838	-81.6838
weir_3	34.6098	34.6098	-81.6952	-81.6952
weir_4	34.61222	34.61222	-81.6943	-81.6943
Holcombes_Branch	34.61308	34.61308	-81.6966	-81.6966
weir_2	34.61411	34.61411	-81.6933	-81.6933
Q1	18.315717	18.315717	-65.74538	-65.74538
Q2	18.314637	18.314637	-65.74629	-65.74629
Q3	18.314091	18.314091	-65.747312	-65.747312
QG	18.283889	18.283889	-65.788889	-65.788889
QS	18.322596	18.322596	-65.8184	-65.8184
MG	18.3561	18.3561	-65.7685	-65.7685
RI	18.275091	18.275091	-65.785529	-65.785529
MPR	18.326951	18.326951	-65.750292	-65.750292
QP	18.2569	18.2569	-65.7789	-65.7789
QPA	18.2629	18.2629	-65.7697	-65.7697
QPB	18.2642	18.2642	-65.7697	-65.7697
QT	18.326553	18.326553	-65.819914	-65.819914
RES4	18.357952	18.357952	-65.813585	-65.813585
RS	18.330516	18.330516	-65.731782	-65.731782
WS-5	39.0525528696489	39.0525528696489	-79.6854724847227	-79.6854724847227
WS-4	39.0539284002756	39.0539284002756	-79.686952264096	-79.686952264096
WS-2	39.0538800089031	39.0538800089031	-79.6825845648589	-79.6825845648589
WS-3	39.0541986200578	39.0541986200578	-79.685995835684	-79.685995835684
WS-10	39.0542394444556	39.0542394444556	-79.6802015411856	-79.6802015411856
WS-1	39.0601514498466	39.0601514498466	-79.6710782773528	-79.6710782773528
WS-13	39.0628613311943	39.0628613311943	-79.6789735729715	-79.6789735729715
WS-7	39.0640144312179	39.0640144312179	-79.6800685040863	-79.6800685040863
WS-6	39.0661498684073	39.0661498684073	-79.676658597899	-79.676658597899
WS-14	39.0605510367107	39.0605510367107	-79.6696770538846	-79.6696770538846
PH	38.922306418	38.922306418	-106.951130495	-106.951130495
EBC	38.954166	38.954166	-106.989556	-106.989556
Copper	38.957139246	38.957139246	-106.988174426	-106.988174426
Benthette	38.96055013	38.96055013	-106.9927244	-106.9927244
Avery	38.97521672	38.97521672	-106.9973282	-106.9973282
Marmot	38.979313	38.979313	-106.997681	-106.997681
Gothic	38.978452237	38.978452237	-107.004557572	-107.004557572
Rock	38.981573517	38.981573517	-107.005869018	-107.005869018
Bradley	38.98540925	38.98540925	-107.0048454	-107.0048454
Rustlers	38.989692	38.989692	-107.007654	-107.007654
EAQ	38.995969355	38.995969355	-107.018487302	-107.018487302
Quigley	38.99343	38.99343	-107.014	-107.014
WG	38.922042	38.922042	-107.004914	-107.004914
NL	38.896931	38.896931	-107.011353	-107.011353
billy_barr_spring	38.96360556	38.96360556	-106.9924722	-106.9924722
coal_11	38.86368333	38.86368333	-107.0336	-107.0336
tuttle_spring	38.94548333	38.94548333	-106.9901972	-106.9901972
black_earth_creek	43.109722	43.109722	-89.640833	-89.640833
P300	37.052	37.052	-119.203263	-119.203263
P301	37.05945	37.05945	-119.203626	-119.203626
P303	37.05404	37.05404	-119.196253	-119.196253
P304	37.05066	37.05066	-119.195268	-119.195268
D102	37.0377	37.0377	-119.202923	-119.202923
B200	36.97719	36.97719	-119.081964	-119.081964
B201	36.97813	36.97813	-119.079194	-119.079194
B203	36.97586	36.97586	-119.073332	-119.073332
B204	36.9748	36.9748	-119.073078	-119.073078
T003	36.95894	36.95894	-119.026558	-119.026558
GSCC01	43.0174	43.0174	-122.716	-122.716
GSCC02	43.01395	43.01395	-122.717	-122.717
GSCC03	43.01378	43.01378	-122.712	-122.712
GSCC04	43.01379	43.01379	-122.711	-122.711
GSFC01	45.43363	45.43363	-122.043	-122.043
GSFC02	45.43413	45.43413	-122.043	-122.043
GSFC03	45.43454	45.43454	-122.043	-122.043
WS77	33.141649	33.141649	-79.779912	-79.779912
WS78	33.1311815286249	33.1311815286249	-79.7840809256234	-79.7840809256234
WS79	33.1412234754962	33.1412234754962	-79.7908352648646	-79.7908352648646
WS80	33.1443029554038	33.1443029554038	-79.790443356472	-79.790443356472
Site1	64.2485054693468	64.2485054693468	19.8080506416433	19.8080506416433
Site2	64.2514254759827	64.2514254759827	19.7778043982242	19.7778043982242
Site4	64.2594511474447	64.2594511474447	19.7737483329001	19.7737483329001
Site5	64.2602610826913	64.2602610826913	19.760338571586	19.760338571586
Site6	64.2509736643358	64.2509736643358	19.7731431669639	19.7731431669639
Site7	64.2513011962503	64.2513011962503	19.7779000580925	19.7779000580925
Site9	64.2375278452578	64.2375278452578	19.7915621692725	19.7915621692725
Site10	64.2569994296571	64.2569994296571	19.7866430184375	19.7866430184375
Site12	64.2411874792113	64.2411874792113	19.8143185691995	19.8143185691995
Site13	64.2328569897307	64.2328569897307	19.7871074196692	19.7871074196692
Site14	64.2261543208972	64.2261543208972	19.7707682829758	19.7707682829758
Site15	64.2485848642973	64.2485848642973	19.8382111005231	19.8382111005231
Site16	64.198508	64.198508	19.869488	19.869488
east_fork	35.958918	35.958918	-84.278736	-84.278736
west_fork	35.959094	35.959094	-84.279934	-84.279934
GRO	40.6925	40.6925	-77.9277	-77.9277
SCAL	40.673619	40.673619	-77.902569	-77.902569
SCBL	40.656772	40.656772	-77.918722	-77.918722
SCO	40.610686	40.610686	-78.006689	-78.006689
SH_weir	40.666664	40.666664	-77.902778	-77.902778
WB	44.859347	44.859347	-68.105417	-68.105417
EB	44.860754	44.860754	-68.10617	-68.10617
